0.0000000000,0.0000000000,0.0000000000,0.0000000000,0.0000000000,0.0000000000,0.0000000000,0.0000000000,0.0000000000,0.0000000000,0.0000000000,0.0000000000,0.0000000000,0.0000000000,0.0000000000,0.0000000000,0.0000000000,0.0000000000,0.0000000000,0.0000000000,0.0000000000,0.0000000000,0.0000000000,0.0000000000,0.0000000000,0.0000000000,0.0000000000,0.0000000000,
0.0000000000,0.0000000000,0.0000000000,0.0000000000,0.0000000000,0.0000000000,0.0000000000,0.0000000000,0.0000000000,0.0000000000,0.0000000000,0.0000000000,0.0000000000,0.0000000000,0.0000000000,0.0000000000,0.0000000000,0.0000000000,0.0000000000,0.0000000000,0.0000000000,0.0000000000,0.0000000000,0.0000000000,0.0000000000,0.0000000000,0.0000000000,0.0000000000,
0.0000000000,0.0000000000,0.0000000000,0.0000000000,0.0000000000,0.0000000000,0.0000000000,0.0000000000,0.0000000000,0.0000000000,0.0000000000,0.0000000000,0.0000000000,0.0000000000,0.0000000000,0.0000000000,0.0000000000,0.0000000000,0.0000000000,0.0000000000,0.0000000000,0.0000000000,0.0000000000,0.0000000000,0.0000000000,0.0000000000,0.0000000000,0.0000000000,
0.0000000000,0.0000000000,0.0000000000,0.0000000000,0.0000000000,0.0000000000,0.0000000000,0.0000000000,0.0000000000,0.0000000000,0.0000000000,0.0000000000,0.0000000000,0.0000000000,0.0000000000,0.3921568692,0.5019608140,0.5019608140,0.5019608140,0.3921568692,0.0000000000,0.0000000000,0.0000000000,0.0000000000,0.0000000000,0.0000000000,0.0000000000,0.0000000000,
0.0000000000,0.0000000000,0.0000000000,0.0000000000,0.0000000000,0.0000000000,0.0000000000,0.0000000000,0.0000000000,0.0000000000,0.0000000000,0.1294117719,0.3568627536,0.3568627536,0.3568627536,0.5803921819,0.6431372762,0.6431372762,0.7686274648,0.7843137383,0.0000000000,0.0000000000,0.0000000000,0.0000000000,0.0000000000,0.0000000000,0.0000000000,0.0000000000,
0.0000000000,0.0000000000,0.0000000000,0.0000000000,0.0000000000,0.0000000000,0.0000000000,0.0000000000,0.0000000000,0.1372549087,0.2156862766,0.4196078479,0.7843137383,0.7843137383,0.7843137383,0.1686274558,0.0000000000,0.0000000000,0.2823529541,0.6156862974,0.0000000000,0.0000000000,0.0000000000,0.0000000000,0.0000000000,0.0000000000,0.0000000000,0.0000000000,
0.0000000000,0.0000000000,0.0000000000,0.0000000000,0.0000000000,0.0000000000,0.0000000000,0.0000000000,0.0549019612,0.6666666865,0.9647058845,0.5960784554,0.0000000000,0.0000000000,0.0000000000,0.0000000000,0.0000000000,0.0000000000,0.0000000000,0.0000000000,0.0000000000,0.0000000000,0.0000000000,0.0000000000,0.0000000000,0.0000000000,0.0000000000,0.0000000000,
0.0000000000,0.0000000000,0.0000000000,0.0000000000,0.0000000000,0.0000000000,0.0000000000,0.0000000000,0.7294117808,0.9764705896,0.5372549295,0.0470588244,0.0000000000,0.0000000000,0.0000000000,0.0000000000,0.0000000000,0.0000000000,0.0000000000,0.0000000000,0.0000000000,0.0000000000,0.0000000000,0.0000000000,0.0000000000,0.0000000000,0.0000000000,0.0000000000,
0.0000000000,0.0000000000,0.0000000000,0.0000000000,0.0000000000,0.0000000000,0.0549019612,0.7294117808,0.9529411793,0.4941176474,0.1058823541,0.0000000000,0.0000000000,0.0000000000,0.0000000000,0.0000000000,0.0000000000,0.0000000000,0.0000000000,0.0000000000,0.0000000000,0.0000000000,0.0000000000,0.0000000000,0.0000000000,0.0000000000,0.0000000000,0.0000000000,
0.0000000000,0.0000000000,0.0000000000,0.0000000000,0.0000000000,0.0000000000,0.0705882385,0.9294117689,0.4941176474,0.1294117719,0.0000000000,0.0000000000,0.0000000000,0.0000000000,0.0000000000,0.0000000000,0.0000000000,0.0000000000,0.0000000000,0.0000000000,0.0000000000,0.0000000000,0.0000000000,0.0000000000,0.0000000000,0.0000000000,0.0000000000,0.0000000000,
0.0000000000,0.0000000000,0.0000000000,0.0000000000,0.0000000000,0.0000000000,0.0705882385,0.9294117689,0.2156862766,0.0000000000,0.2509804070,0.5019608140,0.5019608140,0.5019608140,0.5019608140,0.5019608140,0.1803921610,0.0000000000,0.0000000000,0.0000000000,0.0000000000,0.0000000000,0.0000000000,0.0000000000,0.0000000000,0.0000000000,0.0000000000,0.0000000000,
0.0000000000,0.0000000000,0.0000000000,0.0000000000,0.0000000000,0.0000000000,0.0705882385,0.9294117689,0.2156862766,0.2313725501,0.6784313917,0.8705882430,0.6431372762,0.6431372762,0.6431372762,0.9215686321,0.5882353187,0.3568627536,0.3568627536,0.2784313858,0.0000000000,0.0000000000,0.0000000000,0.0000000000,0.0000000000,0.0000000000,0.0000000000,0.0000000000,
0.0000000000,0.0000000000,0.0000000000,0.0000000000,0.0000000000,0.0000000000,0.0705882385,0.9294117689,0.3843137324,0.5803921819,0.7843137383,0.5058823824,0.0000000000,0.0000000000,0.0000000000,0.6156862974,0.7843137383,0.7843137383,0.7843137383,0.6627451181,0.2156862766,0.2156862766,0.0470588244,0.0000000000,0.0000000000,0.0000000000,0.0000000000,0.0000000000,
0.0000000000,0.0000000000,0.0000000000,0.0000000000,0.0000000000,0.0000000000,0.0705882385,0.9294117689,0.9450980425,0.3333333433,0.0000000000,0.0000000000,0.0000000000,0.0000000000,0.0000000000,0.0000000000,0.0000000000,0.0000000000,0.0000000000,0.2000000030,0.9333333373,0.9960784316,0.2156862766,0.0000000000,0.0000000000,0.0000000000,0.0000000000,0.0000000000,
0.0000000000,0.0000000000,0.0000000000,0.0000000000,0.0000000000,0.0000000000,0.0705882385,0.9294117689,0.2705882490,0.0235294122,0.0000000000,0.0000000000,0.0000000000,0.0000000000,0.0000000000,0.0000000000,0.0000000000,0.0000000000,0.0000000000,0.0156862754,0.1372549087,0.9333333373,0.2156862766,0.0000000000,0.0000000000,0.0000000000,0.0000000000,0.0000000000,
0.0000000000,0.0000000000,0.0000000000,0.0000000000,0.0000000000,0.0000000000,0.0705882385,0.9294117689,0.8313725591,0.2823529541,0.0000000000,0.0000000000,0.0000000000,0.0000000000,0.0000000000,0.0000000000,0.0000000000,0.0000000000,0.0000000000,0.0000000000,0.0705882385,0.9294117689,0.2156862766,0.0000000000,0.0000000000,0.0000000000,0.0000000000,0.0000000000,
0.0000000000,0.0000000000,0.0000000000,0.0000000000,0.0000000000,0.0000000000,0.0235294122,0.3333333433,0.8627451062,0.7686274648,0.3215686381,0.0000000000,0.0000000000,0.0000000000,0.0000000000,0.0000000000,0.0000000000,0.0000000000,0.0000000000,0.0000000000,0.0705882385,0.9294117689,0.2156862766,0.0000000000,0.0000000000,0.0000000000,0.0000000000,0.0000000000,
0.0000000000,0.0000000000,0.0000000000,0.0000000000,0.0000000000,0.0000000000,0.0000000000,0.0000000000,0.3921568692,0.8235294223,0.5019608140,0.0000000000,0.0000000000,0.0000000000,0.0000000000,0.0000000000,0.0000000000,0.0000000000,0.0000000000,0.1098039225,0.5372549295,0.9647058845,0.2156862766,0.0000000000,0.0000000000,0.0000000000,0.0000000000,0.0000000000,
0.0000000000,0.0000000000,0.0000000000,0.0000000000,0.0000000000,0.0000000000,0.0000000000,0.0000000000,0.0000000000,0.6431372762,0.6784313917,0.2313725501,0.0000000000,0.0000000000,0.0000000000,0.0000000000,0.0000000000,0.0000000000,0.1294117719,0.4941176474,0.9764705896,0.6666666865,0.1372549087,0.0000000000,0.0000000000,0.0000000000,0.0000000000,0.0000000000,
0.0000000000,0.0000000000,0.0000000000,0.0000000000,0.0000000000,0.0000000000,0.0000000000,0.0000000000,0.0000000000,0.5058823824,0.8941176534,0.7176470757,0.1686274558,0.0000000000,0.0000000000,0.0000000000,0.1372549087,0.2156862766,0.4941176474,0.9529411793,0.7294117808,0.0549019612,0.0000000000,0.0000000000,0.0000000000,0.0000000000,0.0000000000,0.0000000000,
0.0000000000,0.0000000000,0.0000000000,0.0000000000,0.0000000000,0.0000000000,0.0000000000,0.0000000000,0.0000000000,0.0000000000,0.4666666687,0.9529411793,0.8000000119,0.0705882385,0.0705882385,0.0705882385,0.6666666865,0.9647058845,0.9294117689,0.7294117808,0.0000000000,0.0000000000,0.0000000000,0.0000000000,0.0000000000,0.0000000000,0.0000000000,0.0000000000,
0.0000000000,0.0000000000,0.0000000000,0.0000000000,0.0000000000,0.0000000000,0.0000000000,0.0000000000,0.0000000000,0.0000000000,0.0352941193,0.4039215744,0.9843137264,0.9294117689,0.9294117689,0.9294117689,0.9764705896,0.5372549295,0.0705882385,0.0549019612,0.0000000000,0.0000000000,0.0000000000,0.0000000000,0.0000000000,0.0000000000,0.0000000000,0.0000000000,
0.0000000000,0.0000000000,0.0000000000,0.0000000000,0.0000000000,0.0000000000,0.0000000000,0.0000000000,0.0000000000,0.0000000000,0.0000000000,0.0745098069,0.2156862766,0.2156862766,0.2156862766,0.2156862766,0.2156862766,0.1058823541,0.0000000000,0.0000000000,0.0000000000,0.0000000000,0.0000000000,0.0000000000,0.0000000000,0.0000000000,0.0000000000,0.0000000000,
0.0000000000,0.0000000000,0.0000000000,0.0000000000,0.0000000000,0.0000000000,0.0000000000,0.0000000000,0.0000000000,0.0000000000,0.0000000000,0.0000000000,0.0000000000,0.0000000000,0.0000000000,0.0000000000,0.0000000000,0.0000000000,0.0000000000,0.0000000000,0.0000000000,0.0000000000,0.0000000000,0.0000000000,0.0000000000,0.0000000000,0.0000000000,0.0000000000,
0.0000000000,0.0000000000,0.0000000000,0.0000000000,0.0000000000,0.0000000000,0.0000000000,0.0000000000,0.0000000000,0.0000000000,0.0000000000,0.0000000000,0.0000000000,0.0000000000,0.0000000000,0.0000000000,0.0000000000,0.0000000000,0.0000000000,0.0000000000,0.0000000000,0.0000000000,0.0000000000,0.0000000000,0.0000000000,0.0000000000,0.0000000000,0.0000000000,
0.0000000000,0.0000000000,0.0000000000,0.0000000000,0.0000000000,0.0000000000,0.0000000000,0.0000000000,0.0000000000,0.0000000000,0.0000000000,0.0000000000,0.0000000000,0.0000000000,0.0000000000,0.0000000000,0.0000000000,0.0000000000,0.0000000000,0.0000000000,0.0000000000,0.0000000000,0.0000000000,0.0000000000,0.0000000000,0.0000000000,0.0000000000,0.0000000000,
0.0000000000,0.0000000000,0.0000000000,0.0000000000,0.0000000000,0.0000000000,0.0000000000,0.0000000000,0.0000000000,0.0000000000,0.0000000000,0.0000000000,0.0000000000,0.0000000000,0.0000000000,0.0000000000,0.0000000000,0.0000000000,0.0000000000,0.0000000000,0.0000000000,0.0000000000,0.0000000000,0.0000000000,0.0000000000,0.0000000000,0.0000000000,0.0000000000,
0.0000000000,0.0000000000,0.0000000000,0.0000000000,0.0000000000,0.0000000000,0.0000000000,0.0000000000,0.0000000000,0.0000000000,0.0000000000,0.0000000000,0.0000000000,0.0000000000,0.0000000000,0.0000000000,0.0000000000,0.0000000000,0.0000000000,0.0000000000,0.0000000000,0.0000000000,0.0000000000,0.0000000000,0.0000000000,0.0000000000,0.0000000000,0.0000000000,
